1 20001
2 20002
3 20003
4 20004
5 20005
6 20006
7 20007
8 20008
9 20009
10 200010
11 200011
12 200012
13 20011
14 20012
15 20013
16 20014
17 20015
18 20016
19 20017
20 20018
21 20019
22 200110
23 200111
24 200112
25 20021
26 20022
27 20023
28 20024
29 20025
30 20026
31 20027
32 20028
33 20029
34 200210
35 200211
36 200212
37 20031
38 20032
39 20033
40 20034
41 20035
42 20036
43 20037
44 20038
45 20039
46 200310
47 200311
48 200312
49 20041
50 20042
51 20043
52 20044
53 20045
54 20046
55 20047
56 20048
57 20049
58 200410
59 200411
60 200412
61 20051
62 20052
63 20053
64 20054
65 20055
66 20056
67 20057
68 20058
69 20059
70 200510
71 200511
72 200512
73 20061
74 20062
75 20063
76 20064
77 20065
78 20066
79 20067
80 20068
81 20069
82 200610
83 200611
84 200612
85 20071
86 20072
87 20073
88 20074
89 20075
90 20076
91 20077
92 20078
93 20079
94 200710
95 200711
96 200712
97 20081
98 20082
99 20083
100 20084
101 20085
102 20086
103 20087
104 20088
105 20089
106 200810
107 200811
108 200812
109 20091
110 20092
111 20093
112 20094
113 20095
114 20096
115 20097
116 20098
117 20099
118 200910
119 200911
120 200912
121 20101
122 20102
123 20103
124 20104
125 20105
126 20106
127 20107
128 20108
129 20109
130 201010
131 201011
132 201012
133 20111
134 20112
135 20113
136 20114
137 20115
138 20116
139 20117
140 20118
141 20119
142 201110
143 201111
144 201112
145 20121
146 20122
147 20123
148 20124
149 20125
150 20126
151 20127
152 20128
153 20129
154 201210
155 201211
156 201212
157 20131
158 20132
159 20133
160 20134
161 20135
162 20136
163 20137
164 20138
165 20139
166 201310
167 201311
168 201312
169 20141
170 20142
171 20143
172 20144
173 20145
174 20146
175 20147
176 20148
177 20149
178 201410
179 201411
180 201412
181 20151
182 20152
183 20153
184 20154
185 20155
186 20156
187 20157
188 20158
189 20159
190 201510
191 201511
192 201512
193 20161
194 20162
195 20163
196 20164
197 20165
198 20166
199 20167
200 20168
201 20169
202 201610
203 201611
204 201612
205 20171
206 20172
207 20173
208 20174
209 20175
210 20176
211 20177
212 20178
213 20179
214 201710
215 201711
216 201712
217 20181
218 20182
219 20183
220 20184
221 20185
222 20186
223 20187
224 20188
225 20189
226 201810
227 201811
228 201812
